	6	 X 	16		85.25		220.229	1706.776	20.7
	8	 X 	2		10.875	2.719		2.039		2.6
	8	 X 	3		18.125	7.552		9.440		4.4
	8	 X 	4		25.375	14.802	25.904	6.2
	8	 X 	6		41.25	      37.813	103.984	10.0
	8	 X 	8		56.25	      70.313	263,672	13.7
	8	 X 	10		71.25	     112.813	535.859	17.3
      8	 X 	12		86.25	     165.313	950.547	21.0
	8	 X 	14		101.25	227.813	1537.734	24.6
	8	 X 	16		116.25	300.313	2327.422	28.3
	8	 X 	Is		131.25	382.813	3349.609	31.9
	8	 X 	20		146.25	475.313	4634.297	35.5
	10	 X 	10		90.25	     142.896	678.755	21.9
	10	 X 	12		109.25	209.3%	1204.026	26.6
	10	 X 	14		128.25	288.563	1947.797	31.2
	10	 X 	16		147.25	380.396	2948.068	35.8
	10	 X 	l8		166.25	484.896	4242.836	40.4
	10	 X 	20		185.25	602.063	5870.109	45.0
	12	 X 	12		132.25	253.479	1457.505	32.1
	12	 X 	14		155.25	349.313	2357.859	377
	12	 X 	16		178.25	460.479	3568.713	43.3
	12	 X 	18		201.25	586.979	5136.066	48.9
	12	 X 	20		224.25	728.813	7105.922	54.5
	12	 X 	22		247.25	885.979	9524.273	60.1
	12	 X 	24		270.25	1058.479	12437.129	65.7
	14	 X 	14		182.25	410.063	2767.922	44.3
	16	 X 	16		240.25	620.646	4810.004	58.4
